-296.56982422 -1276.36718750 3188.41552734
-289.06250000 -1289.12353516 3139.95361328
-271.36230469 -1293.57910156 3087.58544922
-244.01855469 -1286.68212891 3037.59765625
-208.61816406 -1274.41406250 2995.78857422
-168.82324219 -1261.71875000 2964.17236328
-127.19726562 -1248.35205078 2941.89453125
-80.32226562 -1235.29052734 2927.73437500
-28.32031250 -1225.34179688 2922.97363281
26.12304688 -1218.93310547 2927.42919922
77.57568359 -1212.82958984 2942.99316406
124.45068359 -1208.37402344 2967.83447266
164.85595703 -1204.34570312 3000.85449219
196.47216797 -1203.30810547 3037.29248047
219.42138672 -1202.02636719 3074.95117188
232.72705078 -1193.78662109 3111.81640625
238.28125000 -1178.95507812 3147.88818359
237.67089844 -1166.50390625 3180.17578125
235.47363281 -1159.79003906 3209.04541016
233.39843750 -1158.63037109 3233.82568359
231.62841797 -1160.76660156 3252.80761719
229.98046875 -1163.51318359 3267.27294922
231.62841797 -1171.56982422 3276.48925781
237.06054688 -1181.51855469 3271.17919922
246.70410156 -1199.27978516 3255.37109375
256.16455078 -1222.65625000 3233.03222656
261.04736328 -1244.87304688 3204.22363281
260.37597656 -1258.11767578 3172.79052734
254.27246094 -1260.31494141 3138.18359375
243.34716797 -1250.54931641 3105.95703125
228.45458984 -1235.16845703 3076.17187500
209.28955078 -1215.51513672 3050.35400391
186.40136719 -1194.51904297 3028.68652344
159.97314453 -1171.20361328 3011.35253906
128.17382812 -1146.60644531 2996.64306641
90.94238281 -1122.07031250 2988.46435547
52.12402344 -1099.30419922 2987.12158203
13.48876953 -1079.46777344 2992.18750000
-23.13232422 -1063.53759766 3004.45556641
-52.00195312 -1050.17089844 3020.75195312
-70.73974609 -1038.63525391 3041.38183594
-81.54296875 -1028.32031250 3062.80517578
-90.82031250 -1019.04296875 3086.24267578
-102.72216797 -1012.32910156 3113.09814453
-118.59130859 -1010.25390625 3145.01953125
-136.47460938 -1013.61083984 3179.68750000
-156.00585938 -1023.68164062 3215.27099609
-176.26953125 -1041.99218750 3246.76513672
-198.24218750 -1066.58935547 3271.05712891
-221.31347656 -1097.41210938 3288.14697266
-243.10302734 -1134.94873047 3296.44775391
-261.84082031 -1174.25537109 3298.64501953
-276.18408203 -1212.52441406 3292.66357422
-285.52246094 -1246.21582031 3279.47998047
-291.62597656 -1276.55029297 3261.71875000
-294.43359375 -1303.40576172 3238.15917969
-293.57910156 -1326.11083984 3207.64160156
-288.14697266 -1344.11621094 3172.36328125
-277.64892578 -1353.75976562 3132.14111328
-262.08496094 -1355.28564453 3089.72167969
-240.84472656 -1346.49658203 3045.77636719
-211.73095703 -1333.00781250 3006.28662109
-177.36816406 -1315.06347656 2971.80175781
-139.89257812 -1297.24121094 2946.04492188
-100.76904297 -1280.57861328 2929.26025391
-58.65478516 -1267.27294922 2920.16601562
-12.87841797 -1256.53076172 2917.90771484
35.76660156 -1245.54443359 2923.52294922
83.49609375 -1232.54394531 2940.42968750
130.73730469 -1220.94726562 2967.52929688
173.52294922 -1215.69824219 3004.88281250
230.83496094 -1208.92333984 3094.66552734
239.37988281 -1194.33593750 3133.72802734
238.70849609 -1174.98779297 3164.42871094
234.37500000 -1160.15625000 3188.78173828
230.40771484 -1151.12304688 3211.66992188
226.98974609 -1147.09472656 3234.55810547
221.61865234 -1144.65332031 3257.44628906
216.61376953 -1145.62988281 3279.35791016
213.01269531 -1151.73339844 3298.03466797
214.11132812 -1162.17041016 3310.05859375
219.66552734 -1177.91748047 3314.63623047
229.18701172 -1197.57080078 3310.60791016
241.45507812 -1222.96142578 3296.75292969
252.80761719 -1251.52587891 3275.51269531
260.43701172 -1279.84619141 3247.61962891
262.93945312 -1299.68261719 3215.39306641
261.10839844 -1306.64062500 3182.18994141
256.65283203 -1301.02539062 3148.07128906
248.04687500 -1286.49902344 3115.23437500
235.10742188 -1266.11328125 3083.67919922
216.67480469 -1242.61474609 3055.66406250
191.40625000 -1215.63720703 3027.89306641
157.28759766 -1185.60791016 3003.11279297
114.37988281 -1154.17480469 2982.42187500
65.00244141 -1127.80761719 2971.13037109
13.18359375 -1108.64257812 2968.87207031
-30.88378906 -1094.60449219 2975.21972656
-62.13378906 -1083.06884766 2987.18261719
-81.42089844 -1072.38769531 3001.52587891
-96.49658203 -1062.37792969 3016.96777344
-113.95263672 -1053.89404297 3037.47558594
-130.49316406 -1045.53222656 3061.88964844
-141.60156250 -1036.92626953 3088.86718750
-148.01025391 -1030.15136719 3115.35644531
-158.44726562 -1028.50341797 3142.57812500
-176.51367188 -1035.27832031 3174.31640625
-198.60839844 -1052.06298828 3205.68847656
-220.82519531 -1076.66015625 3235.22949219
-240.41748047 -1107.84912109 3257.56835938
-256.83593750 -1140.44189453 3271.17919922
-270.50781250 -1175.04882812 3277.22167969
-281.79931641 -1210.20507812 3275.45166016
-289.67285156 -1242.67578125 3266.84570312
-294.67773438 -1272.21679688 3253.23486328
-284.05761719 -1348.44970703 3147.88818359
-276.48925781 -1342.10205078 3112.60986328
-264.70947266 -1324.95117188 3073.18115234
-245.36132812 -1303.16162109 3034.60693359
-128.29589844 -1235.47363281 2939.57519531
-80.62744141 -1218.26171875 2926.14746094
-29.90722656 -1205.62744141 2922.66845703
22.33886719 -1197.14355469 2928.64990234
74.34082031 -1194.64111328 2944.58007812
121.88720703 -1195.19042969 2967.89550781
223.32763672 -1212.03613281 3076.90429688
238.03710938 -1212.15820312 3116.27197266
245.05615234 -1204.95605469 3151.67236328
245.48339844 -1192.26074219 3184.87548828
242.06542969 -1181.57958984 3215.08789062
237.30468750 -1175.78125000 3238.76953125
233.45947266 -1174.13330078 3258.97216797
226.98974609 -1176.08642578 3288.14697266
238.89160156 -1198.12011719 3277.89306641
249.45068359 -1221.25244141 3260.86425781
258.23974609 -1249.26757812 3235.35156250
262.14599609 -1276.61132812 3202.27050781
259.09423828 -1298.46191406 3165.34423828
249.57275391 -1310.24169922 3126.77001953
235.71777344 -1307.92236328 3088.62304688
217.52929688 -1293.39599609 3053.03955078
194.45800781 -1269.22607422 3019.53125000
165.16113281 -1241.51611328 2991.88232422
85.02197266 -1197.75390625 2948.36425781
39.61181641 -1188.29345703 2935.72998047
-1.09863281 -1181.82373047 2929.62646484
-32.89794922 -1171.93603516 2931.64062500
-55.41992188 -1158.44726562 2939.08691406
-73.85253906 -1143.24951172 2948.18115234
-91.67480469 -1128.90625000 2962.40234375
-106.62841797 -1112.48779297 2977.35595703
-118.04199219 -1094.60449219 2995.11718750
-129.33349609 -1075.62255859 3019.04296875
-143.00537109 -1058.47167969 3048.88916016
-160.46142578 -1047.36328125 3086.05957031
-180.72509766 -1046.02050781 3126.64794922
-202.88085938 -1055.48095703 3165.16113281
-223.81591797 -1075.19531250 3197.75390625
-242.18750000 -1098.99902344 3221.86279297
-255.31005859 -1122.37548828 3239.01367188
-264.09912109 -1142.33398438 3248.16894531
-271.11816406 -1158.93554688 3251.77001953
-278.32031250 -1175.23193359 3250.36621094
-285.40039062 -1192.81005859 3242.43164062
-292.23632812 -1210.08300781 3227.53906250
-296.26464844 -1224.30419922 3203.73535156
-296.02050781 -1230.83496094 3172.30224609
-289.85595703 -1230.89599609 3131.59179688
-273.31542969 -1228.08837891 3082.51953125
-244.38476562 -1223.93798828 3033.08105469
-205.81054688 -1216.36962891 2990.41748047
-161.19384766 -1208.00781250 2959.22851562
-114.44091797 -1198.18115234 2939.69726562
-64.69726562 -1187.98828125 2929.07714844
-10.98632812 -1177.30712891 2930.17578125
48.03466797 -1164.97802734 2944.45800781
107.36083984 -1155.09033203 2974.06005859
160.46142578 -1149.84130859 3021.54541016
199.64599609 -1148.98681641 3077.75878906
218.99414062 -1144.77539062 3135.68115234
220.64208984 -1135.49804688 3184.81445312
215.57617188 -1129.39453125 3226.74560547
210.26611328 -1131.22558594 3261.59667969
206.78710938 -1141.72363281 3292.84667969
204.95605469 -1158.63037109 3318.35937500
205.13916016 -1181.09130859 3338.98925781
207.88574219 -1206.90917969 3350.76904297
214.35546875 -1235.04638672 3354.91943359
224.85351562 -1265.99121094 3344.48242188
237.67089844 -1302.00195312 3318.60351562
247.55859375 -1338.92822266 3275.26855469
248.10791016 -1369.75097656 3220.39794922
238.83056641 -1386.16943359 3162.35351562
223.38867188 -1384.15527344 3106.32324219
206.17675781 -1365.41748047 3058.34960938
187.92724609 -1337.46337891 3021.72851562
165.95458984 -1306.64062500 2992.00439453
137.93945312 -1277.89306641 2968.44482422
101.31835938 -1252.01416016 2945.86181641
59.75341797 -1232.42187500 2931.57958984
14.83154297 -1218.07861328 2922.91259766
-56.39648438 -1192.74902344 2926.02539062
-75.74462891 -1177.24609375 2933.53271484
-90.14892578 -1160.52246094 2942.93212891
-105.65185547 -1143.06640625 2955.68847656
-121.70410156 -1123.35205078 2972.96142578
-136.35253906 -1105.10253906 2992.55371094
-148.43750000 -1086.60888672 3015.86914062
-155.45654297 -1069.64111328 3041.68701172
-160.94970703 -1055.29785156 3069.09179688
-169.61669922 -1046.75292969 3097.96142578
-189.33105469 -1045.95947266 3153.56445312
-202.63671875 -1053.58886719 3177.67333984
-233.03222656 -1085.75439453 3214.96582031
-248.59619141 -1109.00878906 3229.30908203
-263.18359375 -1135.25390625 3237.12158203
-275.75683594 -1162.71972656 3238.70849609
-287.29248047 -1191.83349609 3231.07910156
-294.79980469 -1218.20068359 3215.14892578
-298.52294922 -1237.60986328 3195.55664062
-297.85156250 -1243.46923828 3170.04394531
-293.21289062 -1238.28125000 3140.38085938
-282.47070312 -1226.07421875 3105.28564453
-263.54980469 -1214.05029297 3065.85693359
-235.10742188 -1203.55224609 3024.71923828
-195.37353516 -1193.05419922 2987.42675781
-147.58300781 -1182.18994141 2958.37402344
-93.32275391 -1170.77636719 2940.24658203
-34.42382812 -1160.58349609 2934.75341797
25.51269531 -1154.05273438 2942.19970703
84.22851562 -1150.63476562 2963.62304688
174.43847656 -1146.24023438 3040.16113281
198.36425781 -1140.50292969 3086.18164062
206.35986328 -1126.89208984 3128.84521484
203.55224609 -1110.77880859 3165.46630859
197.44873047 -1099.67041016 3201.41601562
190.42968750 -1096.31347656 3237.97607422
182.31201172 -1098.99902344 3275.08544922
173.95019531 -1107.78808594 3310.36376953
166.62597656 -1121.27685547 3339.05029297
162.53662109 -1139.64843750 3363.46435547
162.04833984 -1163.45214844 3382.26318359
167.66357422 -1194.09179688 3394.47021484
180.41992188 -1232.60498047 3397.21679688
197.14355469 -1274.78027344 3385.98632812
214.05029297 -1314.57519531 3362.97607422
227.23388672 -1348.75488281 3329.28466797
235.90087891 -1372.80273438 3291.13769531
240.53955078 -1387.32910156 3250.42724609
241.88232422 -1392.76123047 3209.47265625
234.92431641 -1382.56835938 3134.46044922
227.66113281 -1371.09375000 3100.89111328
218.01757812 -1356.01806641 3071.65527344
203.43017578 -1337.58544922 3040.95458984
184.32617188 -1317.68798828 3011.96289062
162.53662109 -1297.48535156 2986.69433594
113.03710938 -1251.89208984 2951.59912109
91.91894531 -1226.56250000 2943.35937500
58.22753906 -1179.93164062 2942.07763672
33.44726562 -1136.77978516 2953.12500000
0.97656250 -1092.65136719 2975.34179688
-14.03808594 -1071.77734375 2992.37060547
-27.95410156 -1051.45263672 3012.75634766
-45.65429688 -1033.75244141 3037.04833984
-69.94628906 -1019.40917969 3067.44384766
-99.24316406 -1012.08496094 3101.74560547
-128.90625000 -1013.42773438 3135.86425781
-155.51757812 -1021.36230469 3167.35839844
-180.35888672 -1035.82763672 3192.32177734
-206.90917969 -1058.04443359 3213.80615234
-234.92431641 -1090.57617188 3229.00390625
-298.09570312 -1241.45507812 3224.30419922
-300.65917969 -1264.83154297 3205.56640625
-300.23193359 -1274.65820312 3179.19921875
-296.44775391 -1270.62988281 3146.66748047
-286.92626953 -1259.46044922 3108.15429688
-267.51708984 -1244.87304688 3065.06347656
-237.42675781 -1231.62841797 3018.92089844
-196.04492188 -1221.37451172 2979.06494141
-147.46093750 -1211.42578125 2949.58496094
-95.39794922 -1201.96533203 2931.15234375
-41.32080078 -1191.46728516 2924.19433594
14.83154297 -1180.35888672 2929.68750000
70.00732422 -1169.25048828 2948.36425781
186.09619141 -1131.34765625 3071.71630859
198.24218750 -1117.61474609 3121.94824219
197.20458984 -1107.54394531 3246.27685547
192.38281250 -1113.09814453 3278.86962891
189.39208984 -1124.51171875 3305.90820312
190.24658203 -1140.01464844 3325.01220703
195.25146484 -1159.11865234 3335.51025391
220.09277344 -1210.02197266 3331.23779297
236.87744141 -1245.60546875 3314.20898438
249.75585938 -1285.46142578 3285.76660156
255.55419922 -1326.23291016 3247.55859375
250.48828125 -1360.77880859 3204.58984375
223.02246094 -1394.40917969 3115.66162109
206.42089844 -1384.33837891 3071.47216797
191.16210938 -1359.06982422 3033.63037109
171.99707031 -1324.82910156 3001.64794922
144.71435547 -1290.89355469 2972.35107422
107.23876953 -1264.52636719 2948.05908203
63.53759766 -1246.27685547 2930.66406250
23.13232422 -1232.42187500 2920.22705078
-6.10351562 -1216.85791016 2919.49462891
-33.87451172 -1181.33544922 2927.00195312
-46.81396484 -1163.69628906 2934.32617188
-59.44824219 -1142.45605469 2944.03076172
-68.29833984 -1118.83544922 2959.04541016
-73.97460938 -1094.36035156 2976.86767578
-96.55761719 -1053.95507812 3022.82714844
-116.33300781 -1040.58837891 3053.28369141
-163.45214844 -1035.82763672 3117.61474609
-212.76855469 -1063.90380859 3172.91259766
-235.65673828 -1087.82958984 3193.48144531
-255.49316406 -1116.27197266 3208.49609375
-271.42333984 -1145.38574219 3217.71240234
-283.26416016 -1176.45263672 3220.70312500
-292.54150391 -1207.58056641 3217.65136719
-297.60742188 -1233.45947266 3209.22851562
-299.37744141 -1251.03759766 3196.71630859
-299.92675781 -1257.26318359 3182.12890625
-287.53662109 -1226.74560547 3119.93408203
187.43896484 -1085.87646484 3187.43896484
