-204.34570312 -1064.63623047 3175.53710938
-204.04052734 -1074.89013672 3132.20214844
-199.03564453 -1096.00830078 3082.58056641
-190.12451172 -1122.92480469 3042.35839844
-181.03027344 -1150.87890625 3013.36669922
-174.62158203 -1176.02539062 2995.17822266
-169.79980469 -1199.52392578 2982.60498047
-166.87011719 -1221.67968750 2974.30419922
-164.12353516 -1241.33300781 2969.97070312
-162.53662109 -1256.04248047 2968.01757812
-158.32519531 -1267.94433594 2963.86718750
-150.26855469 -1263.24462891 2958.49609375
-145.81298828 -1245.17822266 2957.21435547
-146.17919922 -1234.92431641 2959.22851562
-153.25927734 -1221.19140625 2965.45410156
-182.61718750 -1214.72167969 2986.57226562
-213.50097656 -1219.23828125 3013.91601562
-251.83105469 -1233.82568359 3057.06787109
-277.95410156 -1260.74218750 3105.04150391
-288.45214844 -1292.66357422 3140.25878906
-291.56494141 -1315.00244141 3167.78564453
-292.29736328 -1327.69775391 3192.13867188
-292.41943359 -1332.03125000 3213.98925781
-291.80908203 -1330.26123047 3236.32812500
-289.97802734 -1325.92773438 3256.40869141
-287.29248047 -1320.37353516 3275.69580078
-283.56933594 -1312.07275391 3294.18945312
-278.74755859 -1297.85156250 3312.74414062
-271.85058594 -1271.91162109 3329.40673828
-259.64355469 -1236.75537109 3344.48242188
-241.63818359 -1193.78662109 3356.56738281
-213.25683594 -1148.37646484 3363.89160156
-173.64501953 -1100.03662109 3363.76953125
-120.30029297 -1056.57958984 3351.37939453
-55.41992188 -1023.31542969 3326.35498047
16.78466797 -1009.27734375 3290.34423828
91.36962891 -1021.17919922 3249.32861328
159.72900391 -1060.42480469 3211.79199219
208.61816406 -1115.41748047 3182.80029297
230.28564453 -1158.14208984 3160.58349609
230.65185547 -1166.87011719 3142.21191406
213.86718750 -1145.20263672 3123.29101562
182.80029297 -1113.64746094 3100.95214844
145.08056641 -1089.78271484 3075.19531250
108.45947266 -1080.32226562 3049.80468750
79.40673828 -1082.27539062 3025.45166016
55.23681641 -1092.89550781 3004.39453125
34.17968750 -1109.31396484 2984.55810547
15.13671875 -1127.31933594 2968.20068359
-2.92968750 -1147.70507812 2954.71191406
-21.42333984 -1170.28808594 2944.82421875
-40.46630859 -1195.49560547 2937.37792969
-58.95996094 -1222.90039062 2933.41064453
-74.40185547 -1249.26757812 2932.49511719
-84.53369141 -1270.20263672 2933.71582031
-91.61376953 -1284.24072266 2936.09619141
-100.64697266 -1291.99218750 2938.53759766
-115.29541016 -1284.11865234 2942.74902344
-140.25878906 -1268.79882812 2952.88085938
-175.65917969 -1245.11718750 2973.87695312
-244.01855469 -1209.04541016 3049.25537109
-265.19775391 -1209.41162109 3088.01269531
-278.19824219 -1218.20068359 3117.55371094
-287.04833984 -1230.89599609 3139.58740234
-293.51806641 -1247.74169922 3163.87939453
-297.48535156 -1268.85986328 3188.23242188
-298.21777344 -1291.44287109 3208.55712891
-295.77636719 -1311.58447266 3224.12109375
-286.07177734 -1355.71289062 3241.69921875
-277.52685547 -1382.20214844 3243.65234375
-263.30566406 -1413.94042969 3241.14990234
-245.72753906 -1445.31250000 3236.14501953
-227.17285156 -1470.82519531 3233.52050781
-210.08300781 -1488.64746094 3235.53466797
-196.10595703 -1500.54931641 3243.89648438
-185.60791016 -1508.42285156 3257.20214844
-174.74365234 -1514.77050781 3272.39990234
-162.78076172 -1518.18847656 3290.10009766
-153.62548828 -1517.27294922 3308.16650391
-148.68164062 -1509.64355469 3331.97021484
-148.74267578 -1494.07958984 3359.13085938
-152.64892578 -1465.88134766 3388.24462891
-160.21728516 -1424.31640625 3416.19873047
-163.51318359 -1371.03271484 3440.12451172
-158.56933594 -1309.81445312 3456.72607422
-140.80810547 -1244.62890625 3462.58544922
-110.29052734 -1180.11474609 3457.39746094
-70.00732422 -1123.77929688 3439.57519531
-19.34814453 -1081.72607422 3411.43798828
39.18457031 -1056.88476562 3374.08447266
99.42626953 -1053.58886719 3333.19091797
154.72412109 -1071.16699219 3291.99218750
197.38769531 -1103.08837891 3255.12695312
223.57177734 -1135.31494141 3227.78320312
234.19189453 -1153.56445312 3211.05957031
234.00878906 -1153.99169922 3197.81494141
228.75976562 -1147.09472656 3181.57958984
221.25244141 -1138.91601562 3159.05761719
213.07373047 -1133.66699219 3138.42773438
204.28466797 -1131.22558594 3117.67578125
192.99316406 -1130.43212891 3094.54345703
179.32128906 -1128.90625000 3071.53320312
161.56005859 -1128.11279297 3049.13330078
144.10400391 -1130.18798828 3029.54101562
128.90625000 -1136.53564453 3010.74218750
114.80712891 -1149.35302734 2993.46923828
97.10693359 -1163.33007812 2974.97558594
72.14355469 -1175.23193359 2959.22851562
45.77636719 -1186.15722656 2946.59423828
18.61572266 -1196.47216797 2938.53759766
-9.52148438 -1204.22363281 2933.41064453
-38.87939453 -1206.48193359 2932.55615234
-66.28417969 -1203.61328125 2936.40136719
-92.22412109 -1195.61767578 2944.21386719
-116.39404297 -1183.22753906 2955.93261719
-139.52636719 -1164.67285156 2973.75488281
-162.04833984 -1141.29638672 3000.24414062
-184.02099609 -1115.84472656 3035.64453125
-187.80517578 -1048.21777344 3204.95605469
-159.97314453 -1030.51757812 3230.59082031
-114.62402344 -1011.16943359 3247.68066406
-52.36816406 -997.86376953 3257.14111328
22.33886719 -999.63378906 3258.42285156
101.92871094 -1023.74267578 3251.70898438
173.58398438 -1072.08251953 3237.79296875
256.16455078 -1210.08300781 3208.31298828
265.80810547 -1261.29150391 3209.47265625
267.45605469 -1279.29687500 3217.95654297
266.54052734 -1266.96777344 3222.59521484
263.48876953 -1243.04199219 3223.57177734
259.70458984 -1223.69384766 3223.26660156
256.77490234 -1211.05957031 3221.06933594
252.07519531 -1194.88525391 3215.20996094
241.45507812 -1166.80908203 3207.88574219
219.11621094 -1126.09863281 3203.00292969
182.67822266 -1079.16259766 3202.02636719
132.56835938 -1037.53662109 3206.60400391
70.98388672 -1007.14111328 3214.90478516
-1.40380859 -992.12646484 3226.68457031
-79.83398438 -999.26757812 3239.62402344
-155.27343750 -1030.76171875 3252.25830078
-220.70312500 -1085.63232422 3260.00976562
-268.18847656 -1159.66796875 3261.77978516
-291.99218750 -1243.22509766 3256.34765625
-277.28271484 -1385.92529297 3219.78759766
-256.04248047 -1428.28369141 3201.53808594
-238.15917969 -1453.85742188 3188.72070312
-227.05078125 -1468.38378906 3184.69238281
-216.73583984 -1481.50634766 3196.89941406
-209.65576172 -1490.35644531 3207.70263672
-197.08251953 -1501.28173828 3218.26171875
-183.59375000 -1513.12255859 3229.00390625
-170.83740234 -1521.42333984 3244.68994141
-160.82763672 -1525.02441406 3265.38085938
-153.38134766 -1477.90527344 3373.53515625
-152.16064453 -1430.17578125 3417.29736328
-138.97705078 -1365.60058594 3456.48193359
-109.19189453 -1292.96875000 3482.48291016
-66.58935547 -1226.44042969 3487.97607422
-20.20263672 -1172.79052734 3473.99902344
22.58300781 -1131.40869141 3448.54736328
60.30273438 -1102.11181641 3415.95458984
97.29003906 -1085.14404297 3381.16455078
138.85498047 -1085.87646484 3343.99414062
180.17578125 -1102.23388672 3305.72509766
209.41162109 -1123.59619141 3269.83642578
221.19140625 -1132.81250000 3245.17822266
218.26171875 -1125.54931641 3229.00390625
208.12988281 -1110.41259766 3213.07373047
198.30322266 -1097.41210938 3194.88525391
190.00244141 -1091.61376953 3169.92187500
182.06787109 -1091.79687500 3137.87841797
169.12841797 -1093.07861328 3104.12597656
121.94824219 -1093.75000000 3042.60253906
89.23339844 -1093.07861328 3019.04296875
11.77978516 -1104.61425781 2981.32324219
-28.38134766 -1116.02783203 2970.76416016
-66.46728516 -1129.45556641 2966.12548828
-99.48730469 -1144.89746094 2966.30859375
-127.74658203 -1162.53662109 2970.15380859
-152.46582031 -1179.80957031 2975.15869141
-199.95117188 -1226.50146484 2995.11718750
-202.81982422 -1244.62890625 2995.91064453
-202.51464844 -1262.20703125 2994.44580078
-205.68847656 -1279.05273438 2997.13134766
-211.05957031 -1290.95458984 3001.58691406
-221.74072266 -1299.92675781 3014.83154297
-227.41699219 -1308.10546875 3022.39990234
-230.04150391 -1322.63183594 3028.93066406
-232.05566406 -1340.08789062 3036.56005859
-233.70361328 -1357.54394531 3046.93603516
-236.45019531 -1377.25830078 3062.13378906
-236.63330078 -1398.31542969 3080.07812500
-235.10742188 -1420.16601562 3099.79248047
-230.10253906 -1442.74902344 3121.09375000
-220.45898438 -1466.06445312 3144.95849609
-207.51953125 -1488.34228516 3171.87500000
-188.17138672 -1508.97216797 3201.84326172
-162.23144531 -1528.13720703 3233.03222656
-135.62011719 -1540.34423828 3263.61083984
-111.38916016 -1544.79980469 3291.74804688
-86.97509766 -1546.75292969 3313.90380859
-59.14306641 -1546.56982422 3331.29882812
-33.69140625 -1544.18945312 3345.03173828
-17.39501953 -1539.67285156 3357.23876953
-11.71875000 -1533.75244141 3367.79785156
-14.95361328 -1526.79443359 3378.54003906
-24.53613281 -1517.82226562 3389.95361328
-34.05761719 -1507.44628906 3401.67236328
-40.10009766 -1497.98583984 3411.43798828
-46.99707031 -1490.05126953 3418.76220703
-61.09619141 -1480.71289062 3424.07226562
-85.93750000 -1460.63232422 3433.65478516
-114.19677734 -1420.22705078 3447.20458984
-139.58740234 -1294.12841797 3467.52929688
-125.36621094 -1219.66552734 3465.88134766
-91.18652344 -1150.14648438 3450.56152344
-39.61181641 -1095.39794922 3424.07226562
18.92089844 -1064.08691406 3391.29638672
78.12500000 -1055.23681641 3355.89599609
128.60107422 -1064.20898438 3324.76806641
162.65869141 -1077.51464844 3294.31152344
179.93164062 -1085.32714844 3269.65332031
182.18994141 -1082.76367188 3251.52587891
165.22216797 -1062.01171875 3220.21484375
154.35791016 -1052.67333984 3202.81982422
144.95849609 -1046.26464844 3181.94580078
134.46044922 -1041.99218750 3160.27832031
120.48339844 -1037.71972656 3139.22119141
102.72216797 -1034.11865234 3118.53027344
81.29882812 -1034.24072266 3093.56689453
54.19921875 -1035.40039062 3069.09179688
19.10400391 -1037.71972656 3050.72021484
-20.26367188 -1042.90771484 3037.84179688
-58.89892578 -1058.41064453 3022.46093750
-96.86279297 -1084.96093750 3007.08007812
-132.20214844 -1117.12646484 2998.41308594
-161.07177734 -1155.09033203 2993.10302734
-179.62646484 -1197.20458984 2988.09814453
-186.82861328 -1238.03710938 2983.70361328
-182.92236328 -1273.62060547 2979.18701172
-178.46679688 -1298.95019531 2977.53906250
-177.49023438 -1312.37792969 2978.51562500
-179.87060547 -1321.89941406 2981.56738281
-192.50488281 -1322.63183594 2991.33300781
-200.74462891 -1322.93701172 2999.69482422
-208.61816406 -1328.43017578 3007.75146484
-215.27099609 -1337.70751953 3017.08984375
-223.14453125 -1348.26660156 3029.78515625
-249.87792969 -1361.20605469 3073.12011719
-266.29638672 -1360.04638672 3106.44531250
-281.61621094 -1352.60009766 3146.78955078
-295.53222656 -1302.73437500 3240.23437500
-287.53662109 -1257.20214844 3282.65380859
-262.69531250 -1197.63183594 3320.61767578
-214.29443359 -1133.36181641 3348.14453125
-140.19775391 -1077.75878906 3365.47851562
-51.39160156 -1047.24121094 3368.65234375
37.35351562 -1043.88427734 3356.38427734
114.31884766 -1061.09619141 3332.51953125
217.52929688 -1139.83154297 3281.12792969
243.04199219 -1184.93652344 3262.14599609
255.61523438 -1218.62792969 3248.84033203
260.19287109 -1236.57226562 3243.71337891
263.42773438 -1254.82177734 3240.35644531
264.58740234 -1266.23535156 3238.22021484
266.11328125 -1279.54101562 3236.93847656
263.00048828 -1247.49755859 3201.66015625
260.19287109 -1235.10742188 3187.80517578
256.71386719 -1221.00830078 3179.01611328
252.07519531 -1205.50537109 3172.18017578
244.32373047 -1187.07275391 3161.80419922
160.21728516 -1102.11181641 3075.50048828
126.03759766 -1083.37402344 3058.89892578
79.83398438 -1064.20898438 3045.28808594
26.42822266 -1052.12402344 3035.94970703
-31.79931641 -1047.85156250 3032.95898438
-90.02685547 -1053.71093750 3038.69628906
-146.72851562 -1068.78662109 3055.54199219
-247.13134766 -1134.03320312 3118.53027344
-280.82275391 -1193.72558594 3149.35302734
-295.95947266 -1263.42773438 3175.10986328
-272.21679688 -1399.41406250 3202.75878906
-240.90576172 -1454.16259766 3204.28466797
-177.67333984 -1517.57812500 3197.44873047
-180.35888672 -1516.96777344 3208.67919922
-169.61669922 -1524.41406250 3221.43554688
-160.46142578 -1528.93066406 3250.73242188
-171.63085938 -1508.97216797 3296.75292969
-184.81445312 -1481.38427734 3332.58056641
-195.86181641 -1433.41064453 3375.12207031
-197.14355469 -1364.74609375 3414.30664062
-190.12451172 -1285.58349609 3434.50927734
-176.81884766 -1205.38330078 3431.70166016
-157.53173828 -1135.07080078 3408.69140625
-132.56835938 -1079.40673828 3375.06103516
-111.45019531 -1040.40527344 3333.31298828
-103.75976562 -1015.38085938 3283.08105469
-104.61425781 -1004.63867188 3228.94287109
-107.11669922 -1005.31005859 3174.62158203
-109.13085938 -1016.41845703 3123.29101562
-113.03710938 -1038.94042969 3076.41601562
-119.50683594 -1068.35937500 3037.47558594
-129.94384766 -1104.43115234 3007.99560547
-141.05224609 -1146.91162109 2985.53466797
-151.06201172 -1196.77734375 2971.55761719
-160.03417969 -1296.50878906 2966.67480469
-156.92138672 -1338.98925781 2972.96142578
-145.44677734 -1377.31933594 2979.91943359
-126.03759766 -1408.75244141 2986.45019531
-106.75048828 -1434.14306641 2992.85888672
-89.05029297 -1449.64599609 2998.22998047
-72.50976562 -1457.03125000 2998.65722656
-56.51855469 -1456.84814453 2994.50683594
-42.41943359 -1448.12011719 2985.29052734
-30.27343750 -1435.72998047 2975.15869141
-22.52197266 -1418.70117188 2963.98925781
-17.39501953 -1397.15576172 2952.63671875
-18.18847656 -1371.09375000 2941.95556641
-25.14648438 -1346.49658203 2933.95996094
-39.79492188 -1329.40673828 2931.03027344
-59.63134766 -1323.18115234 2931.57958984
-78.00292969 -1321.16699219 2935.60791016
-91.79687500 -1322.14355469 2939.51416016
-101.44042969 -1328.73535156 2942.99316406
-106.50634766 -1343.07861328 2947.44873047
-108.58154297 -1362.79296875 2955.44433594
-111.51123047 -1382.93457031 2964.23339844
-117.55371094 -1399.71923828 2974.18212891
-130.61523438 -1425.90332031 2995.60546875
-127.31933594 -1444.15283203 3008.23974609
-119.75097656 -1464.29443359 3021.72851562
-114.13574219 -1481.87255859 3036.86523438
-118.16406250 -1495.17822266 3055.05371094
-126.46484375 -1506.10351562 3076.84326172
-131.95800781 -1517.63916016 3101.56250000
-130.92041016 -1530.51757812 3130.92041016
-125.61035156 -1541.50390625 3160.27832031
-119.68994141 -1549.07226562 3188.96484375
-113.89160156 -1553.40576172 3216.97998047
-106.01806641 -1555.05371094 3245.78857422
-92.77343750 -1555.96923828 3275.08544922
-75.68359375 -1553.22265625 3304.13818359
-62.92724609 -1529.29687500 3362.42675781
-75.19531250 -1501.40380859 3397.15576172
-90.88134766 -1398.25439453 3465.02685547
-84.10644531 -1331.17675781 3485.83984375
-65.18554688 -1265.19775391 3491.45507812
-32.95898438 -1209.96093750 3485.29052734
7.20214844 -1169.73876953 3471.06933594
49.07226562 -1144.71435547 3450.74462891
90.08789062 -1132.08007812 3426.63574219
130.00488281 -1127.25830078 3397.88818359
167.11425781 -1132.08007812 3364.44091797
199.03564453 -1145.01953125 3330.26123047
222.83935547 -1162.35351562 3299.62158203
237.54882812 -1178.64990234 3273.43750000
249.69482422 -1194.82421875 3238.46435547
254.45556641 -1208.98437500 3194.21386719
238.83056641 -1179.50439453 3148.25439453
226.19628906 -1166.19873047 3125.42724609
221.49658203 -1164.30664062 3114.37988281
215.75927734 -1164.42871094 3099.79248047
207.51953125 -1166.80908203 3080.01708984
195.31250000 -1171.69189453 3056.33544922
179.50439453 -1174.98779297 3033.08105469
164.42871094 -1179.87060547 3014.52636719
147.94921875 -1185.24169922 2996.33789062
126.52587891 -1189.57519531 2978.33251953
98.75488281 -1184.99755859 2963.74511719
27.95410156 -1148.55957031 2953.73535156
-11.47460938 -1124.08447266 2960.93750000
-56.45751953 -1103.82080078 2976.07421875
-107.23876953 -1088.56201172 3002.31933594
-154.35791016 -1080.68847656 3038.33007812
-193.84765625 -1083.80126953 3079.83398438
-225.76904297 -1096.49658203 3121.45996094
-249.87792969 -1114.80712891 3159.97314453
-266.11328125 -1136.77978516 3198.54736328
-275.26855469 -1160.09521484 3234.80224609
-277.40478516 -1181.82373047 3266.78466797
-273.92578125 -1198.97460938 3297.66845703
-264.40429688 -1211.30371094 3328.36914062
-249.38964844 -1219.90966797 3359.61914062
-228.57666016 -1220.15380859 3387.93945312
-196.28906250 -1204.65087891 3416.99218750
-149.10888672 -1175.23193359 3438.04931641
-16.66259766 -1122.86376953 3445.80078125
59.93652344 -1123.04687500 3432.37304688
129.88281250 -1144.04296875 3410.94970703
183.04443359 -1181.09130859 3384.21630859
217.52929688 -1229.37011719 3362.24365234
231.99462891 -1276.85546875 3349.67041016
231.75048828 -1305.96923828 3350.09765625
227.35595703 -1314.51416016 3358.52050781
218.75000000 -1317.44384766 3372.43652344
208.92333984 -1312.43896484 3387.02392578
204.34570312 -1293.57910156 3392.82226562
199.64599609 -1265.50292969 3397.21679688
191.34521484 -1231.56738281 3398.25439453
177.73437500 -1196.28906250 3398.49853516
154.29687500 -1159.85107422 3401.48925781
119.44580078 -1124.38964844 3403.44238281
71.71630859 -1094.48242188 3404.60205078
9.88769531 -1075.74462891 3404.05273438
-62.13378906 -1078.12500000 3403.99169922
-131.22558594 -1105.83496094 3404.05273438
-185.24169922 -1155.76171875 3401.67236328
-220.82519531 -1216.85791016 3397.09472656
-240.96679688 -1279.90722656 3384.39941406
-247.61962891 -1342.71240234 3364.86816406
-239.74609375 -1403.93066406 3338.01269531
-219.23828125 -1458.00781250 3308.71582031
-191.28417969 -1498.96240234 3280.45654297
-145.14160156 -1537.84179688 3250.79345703
