-260.55908203 -1140.80810547 3159.36279297
-256.16455078 -1152.89306641 3119.44580078
-240.66162109 -1159.60693359 3078.30810547
-216.12548828 -1163.45214844 3041.13769531
-186.58447266 -1167.54150391 3006.04248047
-155.76171875 -1175.35400391 2979.37011719
-121.94824219 -1187.07275391 2957.03125000
-83.67919922 -1202.02636719 2939.69726562
-44.61669922 -1215.94238281 2929.99267578
-7.32421875 -1220.94726562 2927.67333984
27.16064453 -1218.75000000 2931.64062500
62.13378906 -1214.84375000 2941.77246094
98.38867188 -1214.53857422 2956.60400391
132.99560547 -1213.62304688 2976.44042969
161.25488281 -1209.77783203 2998.77929688
181.33544922 -1202.20947266 3021.11816406
194.70214844 -1193.84765625 3042.96875000
203.61328125 -1186.09619141 3061.03515625
210.81542969 -1178.10058594 3077.14843750
215.39306641 -1173.09570312 3091.18652344
218.81103516 -1168.27392578 3101.37939453
221.43554688 -1166.32080078 3110.96191406
227.53906250 -1176.81884766 3115.84472656
231.93359375 -1192.01660156 3112.97607422
234.31396484 -1208.55712891 3105.28564453
232.54394531 -1223.32763672 3092.04101562
225.09765625 -1226.19628906 3075.50048828
211.73095703 -1210.51025391 3060.66894531
194.03076172 -1180.84716797 3049.07226562
169.31152344 -1147.03369141 3040.95458984
138.18359375 -1115.66162109 3033.75244141
102.35595703 -1089.53857422 3028.50341797
66.83349609 -1069.64111328 3028.44238281
39.97802734 -1056.15234375 3032.10449219
23.49853516 -1044.06738281 3042.11425781
10.80322266 -1031.37207031 3057.43408203
-6.22558594 -1016.96777344 3080.32226562
-25.08544922 -1004.88281250 3109.92431641
-41.38183594 -996.64306641 3142.51708984
-56.94580078 -993.28613281 3173.88916016
-77.45361328 -996.27685547 3207.03125000
-104.98046875 -1006.77490234 3243.89648438
-135.37597656 -1028.13720703 3279.29687500
-166.93115234 -1058.71582031 3308.59375000
-198.36425781 -1096.13037109 3327.45361328
-227.84423828 -1139.34326172 3335.63232422
-252.92968750 -1184.26513672 3330.74951172
-272.58300781 -1227.23388672 3315.61279297
-286.01074219 -1264.70947266 3291.32080078
-293.57910156 -1298.27880859 3257.01904297
-294.49462891 -1325.62255859 3215.63720703
-288.20800781 -1346.13037109 3169.37255859
-273.68164062 -1355.46875000 3119.87304688
-252.92968750 -1353.39355469 3070.98388672
-226.62353516 -1337.46337891 3024.53613281
-193.96972656 -1314.51416016 2985.59570312
-155.27343750 -1290.95458984 2956.54296875
-112.42675781 -1273.74267578 2936.03515625
-68.11523438 -1262.26806641 2924.56054688
-22.88818359 -1256.10351562 2921.02050781
20.69091797 -1253.66210938 2923.95019531
63.72070312 -1256.10351562 2933.34960938
105.46875000 -1263.24462891 2950.74462891
144.28710938 -1272.21679688 2975.34179688
178.22265625 -1283.20312500 3004.76074219
205.56640625 -1297.36328125 3036.62109375
224.73144531 -1315.79589844 3069.45800781
237.42675781 -1333.74023438 3101.98974609
246.03271484 -1343.56689453 3133.36181641
252.99072266 -1341.61376953 3158.75244141
257.62939453 -1330.26123047 3175.23193359
260.43701172 -1312.56103516 3181.03027344
261.23046875 -1292.41943359 3175.84228516
258.85009766 -1273.49853516 3165.16113281
256.46972656 -1259.82666016 3156.31103516
254.02832031 -1252.62451172 3147.76611328
250.91552734 -1246.27685547 3134.70458984
244.93408203 -1239.19677734 3118.10302734
235.90087891 -1229.85839844 3099.48730469
165.58837891 -1166.68701172 3023.19335938
134.58251953 -1143.73779297 3008.30078125
99.97558594 -1120.48339844 2999.26757812
64.33105469 -1101.31835938 2994.14062500
34.85107422 -1085.08300781 2997.31445312
14.09912109 -1072.02148438 3004.94384766
-2.86865234 -1059.50927734 3015.13671875
-22.46093750 -1046.08154297 3030.45654297
-45.77636719 -1032.04345703 3052.06298828
-65.85693359 -1018.98193359 3080.62744141
-86.42578125 -1010.37597656 3112.91503906
-111.63330078 -1009.27734375 3146.24023438
-142.88330078 -1017.94433594 3179.87060547
-177.61230469 -1038.63525391 3211.36474609
-212.34130859 -1070.19042969 3236.99951172
-243.04199219 -1111.26708984 3255.98144531
-266.78466797 -1156.18896484 3265.86914062
-282.40966797 -1201.66015625 3267.82226562
-291.80908203 -1240.47851562 3261.96289062
-296.99707031 -1275.26855469 3246.88720703
-297.72949219 -1304.62646484 3223.51074219
-294.79980469 -1329.22363281 3191.77246094
-287.04833984 -1345.76416016 3155.09033203
-257.93457031 -1338.25683594 3067.93212891
-232.48291016 -1314.39208984 3023.07128906
-198.05908203 -1289.06250000 2984.68017578
-154.72412109 -1270.20263672 2954.77294922
-107.29980469 -1262.63427734 2933.04443359
-10.37597656 -1265.50292969 2919.49462891
37.10937500 -1269.95849609 2925.72021484
83.55712891 -1279.05273438 2940.06347656
126.28173828 -1292.66357422 2962.52441406
164.24560547 -1305.05371094 2991.69921875
194.70214844 -1315.18554688 3025.26855469
218.01757812 -1320.61767578 3058.89892578
235.41259766 -1321.22802734 3091.97998047
247.68066406 -1314.75830078 3122.00927734
255.31005859 -1305.96923828 3149.04785156
261.41357422 -1291.56494141 3187.37792969
262.75634766 -1284.11865234 3199.70703125
262.20703125 -1268.31054688 3197.08251953
260.98632812 -1262.39013672 3182.12890625
240.96679688 -1249.32861328 3104.12597656
228.21044922 -1238.89160156 3077.88085938
210.75439453 -1222.96142578 3052.49023438
188.35449219 -1203.85742188 3029.84619141
160.15625000 -1180.17578125 3008.91113281
126.89208984 -1156.37207031 2992.61474609
89.72167969 -1134.46044922 2981.87255859
53.83300781 -1117.55371094 2976.37939453
23.74267578 -1104.37011719 2977.66113281
3.35693359 -1092.34619141 2983.09326172
-11.04736328 -1081.11572266 2993.53027344
-25.39062500 -1067.87109375 3002.99072266
-40.34423828 -1052.06298828 3020.69091797
-55.17578125 -1036.86523438 3043.64013672
-69.64111328 -1023.43750000 3071.89941406
-84.47265625 -1013.18359375 3101.37939453
-99.54833984 -1008.05664062 3132.32421875
-118.40820312 -1007.99560547 3164.91699219
-142.08984375 -1017.27294922 3198.85253906
-171.20361328 -1035.52246094 3230.34667969
-204.22363281 -1066.28417969 3256.83593750
-236.20605469 -1108.76464844 3275.26855469
-262.39013672 -1159.48486328 3285.33935547
-279.78515625 -1210.99853516 3286.92626953
-288.63525391 -1258.30078125 3281.43310547
-291.87011719 -1298.52294922 3269.16503906
-291.50390625 -1334.71679688 3248.41308594
-286.98730469 -1363.40332031 3220.52001953
-278.74755859 -1385.00976562 3184.81445312
-267.63916016 -1395.81298828 3143.31054688
-252.13623047 -1397.03369141 3098.38867188
-229.24804688 -1388.06152344 3050.53710938
-195.80078125 -1372.00927734 3003.47900391
-152.28271484 -1351.98974609 2964.59960938
-104.61425781 -1329.83398438 2937.43896484
-61.46240234 -1312.01171875 2924.01123047
-19.77539062 -1298.70605469 2919.92187500
24.10888672 -1289.06250000 2922.30224609
69.64111328 -1281.12792969 2932.61718750
113.52539062 -1276.79443359 2953.49121094
155.39550781 -1282.22656250 2981.81152344
191.77246094 -1295.77636719 3018.92089844
241.02783203 -1321.28906250 3106.81152344
253.41796875 -1319.03076172 3147.76611328
261.53564453 -1295.83740234 3197.81494141
261.23046875 -1284.11865234 3213.37890625
261.29150391 -1263.79394531 3213.68408203
260.07080078 -1250.54931641 3206.29882812
258.42285156 -1240.60058594 3191.95556641
255.79833984 -1234.98535156 3172.79052734
252.07519531 -1232.42187500 3149.10888672
245.05615234 -1230.65185547 3123.53515625
184.50927734 -1192.01660156 3028.19824219
154.66308594 -1166.80908203 3009.03320312
119.56787109 -1140.99121094 2994.81201172
80.68847656 -1117.91992188 2987.36572266
44.25048828 -1101.25732422 2983.21533203
15.74707031 -1089.35546875 2985.53466797
-49.25537109 -1055.17578125 3015.80810547
-68.29833984 -1042.11425781 3037.10937500
-84.10644531 -1030.51757812 3060.91308594
-98.87695312 -1021.85058594 3085.75439453
-117.06542969 -1017.70019531 3114.86816406
-140.19775391 -1019.40917969 3147.52197266
-167.41943359 -1030.33447266 3184.57031250
-197.57080078 -1052.85644531 3223.14453125
-226.13525391 -1087.34130859 3254.57763672
-249.20654297 -1129.15039062 3279.17480469
-266.66259766 -1175.72021484 3294.49462891
-276.73339844 -1222.59521484 3303.95507812
-282.59277344 -1265.62500000 3305.78613281
-284.66796875 -1299.19433594 3297.36328125
-287.10937500 -1325.56152344 3279.60205078
-288.33007812 -1346.74072266 3253.05175781
-273.25439453 -1385.19287109 3143.61572266
-259.82666016 -1383.85009766 3099.48730469
-238.09814453 -1375.54931641 3053.03955078
-207.45849609 -1360.35156250 3006.95800781
-168.33496094 -1344.60449219 2970.45898438
-125.24414062 -1330.81054688 2944.76318359
-81.54296875 -1319.45800781 2927.00195312
-35.33935547 -1313.04931641 2920.53222656
15.07568359 -1314.51416016 2922.85156250
68.35937500 -1320.31250000 2935.42480469
121.27685547 -1322.32666016 2960.69335938
166.74804688 -1318.42041016 2994.50683594
201.04980469 -1318.96972656 3032.53173828
222.77832031 -1325.50048828 3067.93212891
248.29101562 -1321.53320312 3130.00488281
257.62939453 -1299.68261719 3166.80908203
259.64355469 -1275.75683594 3177.97851562
256.53076172 -1248.96240234 3168.21289062
253.96728516 -1238.70849609 3156.86035156
245.48339844 -1221.55761719 3131.46972656
240.66162109 -1220.09277344 3117.79785156
196.96044922 -1203.18603516 3039.48974609
172.91259766 -1179.32128906 3021.11816406
140.93017578 -1151.79443359 3004.88281250
58.59375000 -1107.23876953 2983.39843750
-8.17871094 -1085.63232422 2983.70361328
-23.92578125 -1075.80566406 2992.06542969
-40.46630859 -1064.39208984 3003.29589844
-60.97412109 -1052.79541016 3019.71435547
-81.72607422 -1040.34423828 3040.40527344
-100.89111328 -1030.70068359 3068.17626953
-121.76513672 -1024.59716797 3097.90039062
-146.66748047 -1024.96337891 3132.32421875
-177.18505859 -1037.04833984 3169.31152344
-208.92333984 -1061.52343750 3209.41162109
-235.77880859 -1097.47314453 3246.09375000
-256.40869141 -1140.13671875 3275.08544922
-270.44677734 -1185.54687500 3293.15185547
-286.86523438 -1308.65478516 3284.05761719
-286.92626953 -1339.96582031 3264.83154297
-285.09521484 -1364.68505859 3239.80712891
-281.43310547 -1381.95800781 3209.71679688
-275.93994141 -1391.35742188 3174.98779297
-115.78369141 -1336.97509766 2940.67382812
-62.62207031 -1329.95605469 2924.56054688
-13.61083984 -1326.66015625 2921.87500000
35.03417969 -1326.47705078 2928.71093750
83.74023438 -1326.66015625 2942.32177734
129.88281250 -1325.74462891 2966.55273438
170.04394531 -1329.22363281 2999.81689453
201.90429688 -1335.26611328 3038.33007812
226.07421875 -1338.92822266 3078.79638672
242.61474609 -1333.37402344 3117.79785156
247.19238281 -1258.66699219 3120.42236328
240.47851562 -1264.89257812 3099.18212891
230.04150391 -1261.59667969 3076.41601562
215.20996094 -1245.91064453 3052.12402344
193.05419922 -1221.74072266 3027.40478516
162.78076172 -1193.29833984 3003.60107422
124.14550781 -1166.87011719 2983.94775391
78.67431641 -1143.98193359 2968.93310547
33.26416016 -1126.52587891 2961.42578125
-2.07519531 -1114.99023438 2962.64648438
-22.33886719 -1102.84423828 2968.68896484
-35.09521484 -1090.39306641 2978.33251953
-50.10986328 -1075.68359375 2992.55371094
-67.62695312 -1058.71582031 3013.12255859
-150.51269531 -1021.17919922 3170.10498047
-184.57031250 -1043.82324219 3225.09765625
-214.90478516 -1083.00781250 3274.53613281
-237.18261719 -1133.05664062 3311.88964844
-255.85937500 -1233.58154297 3349.42626953
-257.93457031 -1277.40478516 3353.82080078
-260.13183594 -1315.24658203 3347.10693359
-262.87841797 -1347.16796875 3331.05468750
-265.44189453 -1373.53515625 3304.87060547
-268.49365234 -1393.67675781 3272.94921875
-270.14160156 -1405.57861328 3233.09326172
-268.98193359 -1409.17968750 3185.24169922
-262.32910156 -1405.21240234 3132.87353516
-245.30029297 -1394.34814453 3078.43017578
-216.79687500 -1378.47900391 3025.32958984
-177.67333984 -1360.10742188 2980.16357422
-131.95800781 -1341.55273438 2948.18115234
-46.20361328 -1314.14794922 2919.55566406
-2.62451172 -1306.39648438 2918.45703125
43.27392578 -1303.28369141 2925.29296875
90.02685547 -1303.28369141 2940.85693359
135.31494141 -1307.73925781 2966.55273438
174.62158203 -1315.42968750 3001.09863281
206.17675781 -1324.95117188 3041.68701172
230.16357422 -1329.46777344 3084.47265625
259.15527344 -1252.44140625 3188.96484375
216.43066406 -1229.91943359 3058.77685547
135.19287109 -1171.14257812 2989.68505859
97.65625000 -1147.52197266 2976.50146484
60.11962891 -1129.21142578 2968.44482422
28.07617188 -1115.78369141 2966.97998047
3.11279297 -1104.61425781 2969.29931641
-12.63427734 -1094.90966797 2975.03662109
-28.01513672 -1082.94677734 2984.98535156
-70.61767578 -1050.23193359 3023.68164062
-94.90966797 -1037.47558594 3051.51367188
-116.88232422 -1028.56445312 3082.27539062
-138.85498047 -1025.26855469 3115.05126953
-162.65869141 -1029.66308594 3152.09960938
-186.88964844 -1041.62597656 3192.07763672
-208.37402344 -1063.11035156 3229.18701172
-259.70458984 -1162.53662109 3298.40087891
-271.42333984 -1205.87158203 3307.37304688
-278.07617188 -1250.00000000 3310.36376953
-281.49414062 -1291.80908203 3306.70166016
-281.06689453 -1331.05468750 3294.18945312
-277.83203125 -1367.30957031 3273.49853516
-271.97265625 -1398.19335938 3245.48339844
-264.95361328 -1418.21289062 3209.77783203
-259.09423828 -1424.74365234 3169.18945312
-252.99072266 -1415.71044922 3123.29101562
-218.13964844 -1368.28613281 3020.87402344
-178.89404297 -1343.32275391 2975.09765625
14.46533203 -1302.30712891 2919.79980469
63.17138672 -1302.00195312 2930.54199219
107.91015625 -1303.58886719 2949.89013672
146.60644531 -1309.57031250 2976.13525391
252.68554688 -1294.79980469 3138.42773438
-2.07519531 -990.72265625 3180.41992188
